-4.866841349587048171e+00 2.498522329191107261e+01
-3.817360991449048502e+00 1.818135706047349842e+01
-2.932317806988904429e+00 5.703290709633928479e+00
-1.667505051659518678e+00 5.865395331258126177e+00
-4.934219581665073018e-01 9.293556191748495454e-01
4.835469994836656404e-01 1.569230539200699770e+00
1.693217825235878937e+00 -5.428200317966132005e-01
2.788632630349275665e+00 8.181882582394626624e+00
3.889318031982292645e+00 1.958040575941236128e+01
4.982539978940705439e+00 2.158628998438661739e+01
