-1.966841349587048260e+00 5.000412389875582564e-01
-1.973565657720125044e+00 7.357091960599184688e-01
-1.868169432913982408e+00 5.089259209574440446e-01
-1.959887343950677652e+00 1.492775046451501608e-01
-1.818903386885333484e+00 5.242972591939412119e-01
-1.792175450458806329e+00 1.399351960309719534e+00
-1.760176917512657369e+00 1.397368035941772613e+00
-1.735641839241112372e+00 4.323304397815515010e-01
-1.632454956762215970e+00 1.597171995900088959e+00
-1.513029595952112061e+00 1.697266381573940386e+00
-1.687415657960767090e+00 2.842959098415305697e+00
-1.445657440686578088e+00 1.956377458885786957e+00
-1.483197593048140028e+00 1.997359840633587513e+00
-1.419122602353328988e+00 2.425101468644045521e+00
-1.534872342395225742e+00 1.588971294036427340e+00
-1.365274190943015276e+00 3.199878406096052341e+00
-1.187909936179978310e+00 5.068485584872915339e+00
-1.401919882517921545e+00 1.669055028189561307e+00
-1.449287979580942132e+00 2.046882486975017734e+00
-1.383428138680799613e+00 2.025845102637548578e+00
-1.140059650266611602e+00 6.317418713221066184e+00
-8.857456911713146308e-01 1.085226930766868136e+01
-9.694490564772394459e-01 8.782136004721875722e+00
-8.721317180631564803e-01 9.589953029656729910e+00
-9.870547753861727003e-01 8.265063541443518957e+00
-8.147458168360970365e-01 1.041447705389385803e+01
-9.392460109177901417e-01 9.437269629541917837e+00
-8.083765512110057117e-01 1.087224351342571715e+01
-8.540044461400841946e-01 9.483738678899733543e+00
-8.397793862590328118e-01 9.089218765138054934e+00
-7.291534128482473065e-01 1.130454486552308779e+01
-7.476142014927336099e-01 1.165612743291568520e+01
-5.267284494894096669e-01 1.429629200947069201e+01
-5.956501872282059518e-01 1.387103062777769047e+01
-5.327062739020379523e-01 1.599665447109140182e+01
-5.640662640115833293e-01 1.457008801170280421e+01
-3.622315615032722369e-01 1.893041169036279925e+01
-5.186514956546663946e-01 1.629589060135156231e+01
-3.370071479076717225e-01 1.765142543917030693e+01
-3.956932497500477153e-01 1.614986197718121730e+01
-4.121251541580732702e-01 1.684224680809366248e+01
-3.246912974460408052e-01 1.766229828505351662e+01
-3.137924475603288688e-01 1.838896267072330915e+01
-2.121788547801420899e-01 2.024965537746707511e+01
-1.823988730911919043e-01 1.855938695996829679e+01
-7.484361242928375124e-02 1.961617230116641153e+01
-7.121096670700752251e-03 2.023163079003081677e+01
-3.595414698482300025e-02 2.076864391100149021e+01
1.862158753050284152e-02 2.035056601984580738e+01
9.254578401675699062e-02 2.011944536097786340e+01
5.207269892733584760e-02 2.088702673637315854e+01
2.193008504775088019e-01 1.940636632817356499e+01
2.751315647473565051e-01 1.837603155184429937e+01
2.536914130660812838e-01 1.879345968253261390e+01
5.152279422460294134e-01 1.484211488439095383e+01
4.099277119328612606e-01 1.728905348548596166e+01
3.493788134866447903e-01 1.836155717077613758e+01
3.668122583160792760e-01 1.539644415385018306e+01
4.222363198601362111e-01 1.758680770994046227e+01
4.377058979193010901e-01 1.647340033769927814e+01
6.431815456140179688e-01 1.354683895626044432e+01
5.029462696801012545e-01 1.599371905512712999e+01
6.070392967698206022e-01 1.222889741043156953e+01
6.046461494758088584e-01 1.303849673592921476e+01
8.046182856808266060e-01 1.023481561196728684e+01
6.005686395019032009e-01 1.339003028911012017e+01
7.485985665329210059e-01 1.161153559096934806e+01
8.150821581565382834e-01 9.931629485118342870e+00
9.016326118060919992e-01 7.673280122454722019e+00
9.582115022883839206e-01 8.413593815784285113e+00
9.329664653124023488e-01 9.145549276850974962e+00
1.095876942719641089e+00 6.413233460327270485e+00
1.070869317275112920e+00 5.854320164826734008e+00
1.328583287461642337e+00 3.240676879438827207e+00
9.734102755261029305e-01 8.137867620944673419e+00
1.228726732967528212e+00 4.841457917989956172e+00
1.104577655339465281e+00 6.608864137439823594e+00
1.171714269747927029e+00 4.861251516689464758e+00
1.492447853081967146e+00 1.161549714573339553e+00
1.510845051197566624e+00 1.565001856742607167e+00
1.193169330726764121e+00 5.190372045010722246e+00
1.398934751301821322e+00 3.346362596607214357e+00
1.457051578865243835e+00 3.950977878842008018e+00
1.292889395212445836e+00 3.841088344220045414e+00
1.543601797350973470e+00 2.017238708763639199e+00
1.630243212617264792e+00 1.278086490625692573e+00
1.655059847845137266e+00 1.008399952455246273e+00
1.476318198783470148e+00 2.809169055673002902e+00
1.828952641660083200e+00 9.525908459574976561e-01
1.785060458270859796e+00 6.812777462516460547e-01
1.770065249379775718e+00 7.854737491677847849e-01
1.959074689530772018e+00 1.570564561822174743e-01
2.022129945450971800e+00 1.213738046407435878e+00
1.924517958843725118e+00 1.155598448169194548e+00
2.140275619841984778e+00 1.021955925364062878e+00
1.904548787999849502e+00 1.313704914072206242e-01
