-1.000000000000000000e+01 -6.002620243805722566e+01
-9.797979797979797567e+00 -6.365506188948255328e+01
-9.595959595959595134e+00 -9.203112171663482854e+01
-9.393939393939394478e+00 -6.352337023744942002e+01
-9.191919191919192045e+00 -4.870669235776870210e+01
-8.989898989898989612e+00 -6.353875917856224476e+01
-8.787878787878787179e+00 -4.354717010809844169e+01
-8.585858585858586522e+00 -4.077560845750575425e+01
-8.383838383838384090e+00 -3.729508165301836442e+01
-8.181818181818181657e+00 -3.501569737377016622e+01
-7.979797979797979224e+00 -2.102016678746777245e+01
-7.777777777777777679e+00 -4.670488775532870562e+00
-7.575757575757576134e+00 -3.247414851046037398e+01
-7.373737373737373701e+00 2.062209322990231186e+00
-7.171717171717171269e+00 -5.377812612970414463e+00
-6.969696969696969724e+00 2.342812585476336196e+00
-6.767676767676768179e+00 -1.699189615063167835e+01
-6.565656565656565746e+00 6.393954513327836153e+00
-6.363636363636363313e+00 3.086309634986277928e+01
-6.161616161616161769e+00 -3.455516302797914108e+00
-5.959595959595959336e+00 -1.285947588826876142e+01
-5.757575757575757791e+00 -5.360869103313735451e+00
-5.555555555555555358e+00 2.868241048469963417e+01
-5.353535353535353813e+00 6.428588635083070812e+01
-5.151515151515151381e+00 4.910513923272996806e+01
-4.949494949494949836e+00 6.099587334858179588e+01
-4.747474747474747403e+00 4.096892377982025835e+01
-4.545454545454545858e+00 6.394515226797386731e+01
-4.343434343434343425e+00 4.231838353731361480e+01
-4.141414141414141881e+00 5.891543855087641646e+01
-3.939393939393939448e+00 4.895626604501125456e+01
-3.737373737373737903e+00 4.789341243661696979e+01
-3.535353535353535470e+00 6.120907153363423703e+01
-3.333333333333333037e+00 5.508009199831217018e+01
-3.131313131313131493e+00 8.477146923611306306e+01
-2.929292929292929060e+00 7.091009868854740716e+01
-2.727272727272727515e+00 7.674695147667777917e+01
-2.525252525252525082e+00 6.835659442540259079e+01
-2.323232323232323537e+00 9.486381694275729615e+01
-2.121212121212121104e+00 6.755121963710767830e+01
-1.919191919191918672e+00 9.086664029216777294e+01
-1.717171717171718015e+00 7.805086918477371682e+01
-1.515151515151515582e+00 7.149160336848368047e+01
-1.313131313131313149e+00 8.043057739615375112e+01
-1.111111111111110716e+00 7.780767607582723144e+01
-9.090909090909100598e-01 8.871036186562331238e+01
-7.070707070707076269e-01 8.875638166768534632e+01
-5.050505050505051940e-01 1.003870689916425221e+02
-3.030303030303027612e-01 1.059612202560523571e+02
-1.010101010101003283e-01 9.697041228550783387e+01
1.010101010101003283e-01 1.004092977153319453e+02
3.030303030303027612e-01 1.066688281167468091e+02
5.050505050505051940e-01 9.568714195776175302e+01
7.070707070707076269e-01 1.157790169706672430e+02
9.090909090909082835e-01 1.190796520674753651e+02
1.111111111111110716e+00 1.107080329475664939e+02
1.313131313131313149e+00 1.447012916327925609e+02
1.515151515151515582e+00 1.235874120700026282e+02
1.717171717171716239e+00 1.091046079632068739e+02
1.919191919191918672e+00 1.062375310237101900e+02
2.121212121212121104e+00 1.089874222673583688e+02
2.323232323232323537e+00 1.056625166642241282e+02
2.525252525252524194e+00 1.307568971823741037e+02
2.727272727272726627e+00 1.039130148321804796e+02
2.929292929292929060e+00 1.136367536114836838e+02
3.131313131313131493e+00 1.073059419091786708e+02
3.333333333333333925e+00 1.312482984076795276e+02
3.535353535353534582e+00 9.450576322454061540e+01
3.737373737373737015e+00 1.104935396988443443e+02
3.939393939393939448e+00 1.141677415379894853e+02
4.141414141414141881e+00 1.207703483569764558e+02
4.343434343434342537e+00 1.227955963768255998e+02
4.545454545454544970e+00 1.124656309538851531e+02
4.747474747474747403e+00 1.302773683643791571e+02
4.949494949494949836e+00 1.198197660230595858e+02
5.151515151515150492e+00 1.516887787023500778e+02
5.353535353535352925e+00 9.154311973928169266e+01
5.555555555555555358e+00 1.228892568587094587e+02
5.757575757575757791e+00 9.723393939366543748e+01
5.959595959595958448e+00 1.001898514100515314e+02
6.161616161616162657e+00 1.411036844412257665e+02
6.363636363636363313e+00 1.365854353655853686e+02
6.565656565656563970e+00 8.157462417793615828e+01
6.767676767676768179e+00 1.049983598231172834e+02
6.969696969696968836e+00 1.061931821925046364e+02
7.171717171717173045e+00 7.396452855541035376e+01
7.373737373737373701e+00 1.038854384629663485e+02
7.575757575757574358e+00 1.091140760156384175e+02
7.777777777777778567e+00 1.049873722384989918e+02
7.979797979797979224e+00 7.024530149388006350e+01
8.181818181818179880e+00 1.151280202159546349e+02
8.383838383838384090e+00 1.004501206741051078e+02
8.585858585858584746e+00 9.404122058812103546e+01
8.787878787878788955e+00 8.176782230136484486e+01
8.989898989898989612e+00 1.017802933184026415e+02
9.191919191919190268e+00 1.028180123767724155e+02
9.393939393939394478e+00 7.967402073197654033e+01
9.595959595959595134e+00 8.602905038923046277e+01
9.797979797979799343e+00 9.478840960215210032e+01
1.000000000000000000e+01 5.068231819997742349e+01
